big performance improvement for find_seed
  if 100 possible trainer, and watnted is idx 10
  then generate 10, then 110, then 210.
  no point trying 11


shedinja strategy

Shedinja @ Focus Sash
Adamant Nature
EVs: 252 Atk / 252 Spe
- Swords Dance
- X-Scissor
- Shadow Sneak
- Filler / Will-O-Wisp / Toxic / No move

  1st pokemon must not be able to damage shedinja

    sword dance



jtmon:
  bool canDmgShedinja

  bool isBad ()
  bool hitShedinjaOnce
    bool atkBeforeShedinja (outspeed, or priority)
    ou
    bool isOhkoFromShedinjaWithSD



jtmons[3]:
  if (jtmons[0].canDmgShedinja)
    return 0;

  if (jtmons[1].isBad)
    return 0;

  if (jtmons[2].isBad)
    return 0;

  if hitShedinjaOnce && hitShedinjaOnce
    return 0;

  return 1;






[
[2,2,1,1,1,1,3,3,1,1,3,3,3,3,1,1,3,3,2,2,1,1,0,0,3,3,2,2,3,3,2,2,0,0,1,1,2,2,2,2,2,2,2,2,3,3,3,3,1,1,2,2,2,2,0,0,2,2,1,1,1,1,0,0,0,0,2,2,2,2,2,2,2,2,3,3,1,1,3,3,0,0,0,0,0,0,2,2,2,2,1,1,2,2,0,0,0,0,0,0,3,3,2,2,3,3,3,3,3,3,2,2,2,2,0,0,3,3,3,3,0,0,3,3,3,3,0,0,3,3,3,3,0,0,0,0,2,2,0,0,1,1,0,0,1,1,0,0,2,2,0,0,1,1,0,0,0,0,0,0,3,3,2,2,3,3,3,3,3,3,1,1,3,3,2,2,0,0,0,0,1,1,2,2,1,1,2,2,0,0,1,1,1,1,0,0,3,3,0,0,1,1,1,1,2,2,1,1,0,0,3,3,0,0,0,0,0,0,0,0,0,0,2,2,1,1,0,0,1,1,3,3,1,1,0,0,1,1,1,1,0,0,3,3,1,1,1,1,0,0,0,0,3,3,1,1,1,1,0,0,1,1,3,3,2,2,3,3,3,3,0,0,3,3,0,0,3,3,2,2,0,0,2,2,0,0,0,0,3,3,3,3,3,3,0,0,0,0,1,1,3,3,0,0,0,0,2,2,0,0,1,1,3,3,0,0,0,0,2,2,0,0,2,2,0,0,0,0,1,1,3,3,3,3,3,3,0,0,0,0,0,0,0,0,0,0,3,3,0,0,0,0,0,0,2,2,3,3,3,3,3,3,1,1,0,0,3,3,3,3,0,0,0,0,3,3,0,0,0,0,0,0,2,2,2,2,0,0,0,0,3,3,0,0,2,2,2,2,1,1,2,2,0,0,0,0,1,1,0,0,3,3,0,0,0,0,3,3,0,0,2,2,0,0,3,3,3,3,3,3,3,3,3,3,0,0,0,0,0,0,0,0,0,0,0,0,0,0,0,0,1,1,0,0,0,0,0,0,0,0,3,3,2,2,0,0,1,1,0,0,2,2,3,3,3,3,3,3,2,2,0,0,1,1,3,3,0,0,0,0,0,0,1,1,1,1,0,0,0,0,0,0,0,0,3,3,3,3,0,0,1,1,1,1,0,0,1,1,2,2,0,0,1,1,1,1,0,0,1,1,3,3,0,0,3,3,0,0,0,0,0,0,0,0,2,2,3,3,3,3,2,2,0,0,2,2,1,1,3,3,2,2,1,1,0,0,3,3,2,2,0,0,3,3,3,3,0,0,0,0,0,0,3,3,0,0,0,0,0,0,3,3,0,0,2,2,2,2,0,0,2,2,0,0,1,1,1,1,0,0,0,0,3,3,0,0,1,1,0,0,2,2,0,0,0,0,1,1,3,3,0,0,0,0,0,0,0,0,0,0,0,0,0,0,0,0,0,0,0,0,1,1,0,0,0,0,0,0,0,0,0,0,2,2,0,0,2,2,0,0,2,2,0,0,3,3,2,2,3,3,0,0,1,1,3,3,0,0,0,0,0,0,1,1,1,1,0,0,0,0,0,0,0,0,3,3,0,0,0,0,1,1,0,0,0,0,3,3,1,1,0,0,0,0,1,1,3,3,3,3,3,3,0,0,2,2,3,3,0,0,1,1,3,3,0,0,0,0,3,3,3,3,0,0,3,3,3,3,0,0,0,0,3,3,0,0,0,0,0,0,0,0,3,3,3,3,3,3,0,0,3,3,0,0,0,0,0,0,0,0,0,0,2,2,0,0,0,0,0,0,2,2,2,2,0,0,0,0,0,0,3,3,0,0,3,3,2,2,1,1,0,0,3,3,0,0,1,1,0,0,3,3,1,1,0,0,2,2,0,0,0,0,0,0,3,3,0,0,1,1,0,0,0,0,0,0,3,3,1,1,1,1,0,0,1,1,0,0,3,3,0,0,0,0,1,1,0,0,0,0,0,0,3,3,0,0,0,0,3,3,0,0,2,2,0,0,3,3,0,0,3,3,3,3,0,0,0,0,3,3,0,0,0,0,3,3,3,3,0,0,0,0,0,0,0,0,0,0,1,1,3,3,0,0,3,3,0,0,2,2,0,0,0,0,0,0,3,3,2,2,0,0,0,0,0,0,0,0,0,0,0,0,0,0,0,0,3,3,3,3,0,0,0,0,0,0,3,3,0,0,0,0,1,1,0,0,0,0,3,3,3,3,0,0,0,0,3,3,1,1,3,3,0,0,1,1,2,2,2,2,0,0,3,3,0,0,0,0,2,2,1,1,0,0,0,0,0,0,3,3,0,0,0,0,0,0,0,0,0,0,3,3,0,0,0,0,3,3,1,1,1,1,0,0,0,0,0,0,0,0,0,0,0,0,3,3,0,0,0,0,0,0,3,3,3,3,3,3,0,0,3,3,3,3,0,0,3,3,2,2,0,0,0,0,0,0,2,2,0,0,0,0,3,3,1,1,0,0,2,2,0,0,0,0,3,0,0,0,0,0,1,1,0,0,3,3,0,0,2,2,1,1,0,0,0,0,0,0,0,0,0,0,0,0,3,3,0,0,0,0,0,0,0,0,0,0,0,0,3,3,1,1,0,0,3,3,1,1,2,2,3,3,0,0,3,3,0,0,0,0,2,2,0,0,3,3,0,0,0,0,0,0,0,0,0,0,0,0,0,0,3,3,0,0,0,0,0,0,0,0,0,0,0,0,3,3,0,0,0,0,0,0,0,0,0,0,0,0,0,0,0,0,0,0,0,0,0,0,1,1,0,0,0,0,3,3,0,0,3,3,3,3,0,0,1,1,0,0,0,0,3,3,3,3,0,0,3,3,1,1,1,1,2,2,3,3,1,1,3,3,3,3,3,3,1,1,0,0,0,0,0,0,3,3,0,0,0,0,3,3,3,3,0,0,0,0,1,1,0,0,3,3,3,3,3,3,3,3,2,2,1,1,1,1,0,0,3,3,0,0,1,1,0,0,0,0,2,2,0,0,0,0,3,3,3,3,2,2,0,0,0,0,0,0,2,2,0,0,0,0,3,3,1,1,3,3,3,3,2,2,3,3,3,3,3,3,0,0,0,0,2,2,0,0,3,3,0,0,3,3,0,0,1,1,0,0,0,0,3,3,3,3,1,1,1,1,0,0,0,0,0,0,0,0,3,3,3,3,2,2,0,0,0,0,3,3,3,3,0,0,3,3,3,3,0,0,3,3,1,1,3,3,1,1,0,0,0,0,0,0,0,0,2,2,2,2,3,3,3,3,0,0,0,0,0,0,1,1,0,0,3,3,3,3,3,3,0,0,0,0,0,0,3,3,3,3,0,0,3,3,3,3,2,2,3,3,3,3,0,0,0,0,0,0,0,0,1,1,0,0,0,0,0,0,0,0,3,3,0,0,3,3,2,2,0,0,3,3,3,3,0,0,3,3,1,1,0,0,0,0,1,1,1,1,1,1,1,1,1,1,2,2,2,2,3,3,0,0,0,0,0,0,0,0,1,1,0,0,0,0,0,0,3,3,1,1,0,0,3,3,0,0,3,3,3,3,3,3,3,3,2,2,1,1,1,1,0,0,1,1,0,0,1,1,0,0,0,0,3,3,0,0,0,0,0,0,2,2,2,2,0,0,0,0,0,0,2,2,0,0,3,3,2,2,1,1,0,0,0,0,2,2,1,1,3,3,0,0,0,0,0,0,2,2,1,1,0,0,3,0,0,0,3,3,1,1,0,0,0,0,3,3,1,1,0,0,3,3,0,0,0,0,0,0,0,0,0,0,1,1,1,1,0,0,0,0,0,0,3,3,0,0,1,1,3,3,0,0,2,2,1,1,2,2,3,3,0,0,1,1,1,1,0,0,2,2,0,0,0,0,1,1,0,0,0,0,0,0,1,1,0,0,3,3,1,1,3,3,0,0,3,3,0,0,1,1,0,0,3,3,0,0,3,3,0,0,3,3,0,0,0,0,0,0,0,0,3,3,1,1,0,0,3,3,0,0,0,0,0,0,0,0,0,0,0,0,0,0,0,0,0,0,3,3,0,0,0,0,0,0,0,0,3,3,0,0,0,0,0,0,0,0,0,0,0,0,0,0,0,0,3,3,0,0,1,1,1,1,0,0,0,0,3,3,0,0,0,0,0,0,3,3,0,0,0,0,0,0,1,1,0,0,1,1,3,3,0,0,0,0,0,0,0,0,0,0,0,0,0,0,0,0,3,3,0,0,3,3,3,3,3,3,3,3,0,0,3,3,0,0,0,0,0,0,0,0,0,0,0,0,3,3],

]
